0,0: 1 1 1 0 0 0 
0,1: 0 1 0 0 1 1 
0,2: 1 1 0 1 0 0 
0,3: 0 1 1 0 1 1 
0,4: 0 1 1 1 0 1 
0,5: 0 1 1 0 1 1 
0,6: 0 1 1 1 1 0 
0,7: 1 0 0 1 0 1 
0,8: 0 1 0 1 1 0 
0,9: 0 1 0 1 1 0 
1,0: 1 1 0 0 0 1 
1,1: 0 1 1 1 1 0 
1,2: 1 1 0 1 0 0 
1,3: 0 1 1 1 1 1 
1,4: 1 1 1 1 0 1 
1,5: 0 1 1 1 0 1 
1,6: 1 1 0 1 0 1 
1,7: 0 1 1 1 0 0 
1,8: 0 1 0 1 0 0 
1,9: 0 1 0 1 0 0 
2,0: 1 1 0 0 0 0 
2,1: 0 1 1 1 0 1 
2,2: 0 1 1 1 0 0 
2,3: 1 1 1 1 0 0 
2,4: 0 1 1 1 1 0 
2,5: 1 1 1 1 1 0 
2,6: 0 1 1 1 1 0 
2,7: 1 0 0 0 1 1 
2,8: 0 0 1 1 0 0 
2,9: 0 0 0 1 0 0 
3,0: 1 1 1 0 0 1 
3,1: 0 1 0 1 1 0 
3,2: 1 1 1 0 0 0 
3,3: 0 1 1 1 0 0 
3,4: 0 1 1 1 0 1 
3,5: 0 1 1 1 0 1 
3,6: 0 1 1 1 0 1 
3,7: 0 1 1 1 0 0 
3,8: 0 1 1 1 0 1 
3,9: 0 1 0 1 0 0 
4,0: 1 1 0 0 0 0 
4,1: 1 1 0 1 0 1 
4,2: 0 1 0 1 0 0 
4,3: 1 1 0 1 1 1 
4,4: 0 1 0 1 1 0 
4,5: 1 1 1 1 1 0 
4,6: 0 1 1 1 1 0 
4,7: 1 1 0 1 0 1 
4,8: 0 1 1 1 0 0 
4,9: 0 1 0 1 1 0 
5,0: 1 1 0 0 0 1 
5,1: 0 1 1 1 1 0 
5,2: 1 1 1 0 0 1 
5,3: 0 1 0 1 0 0 
5,4: 1 0 1 1 0 1 
5,5: 0 1 1 1 0 1 
5,6: 0 1 0 0 0 1 
5,7: 0 1 1 1 0 0 
5,8: 1 0 1 1 0 1 
5,9: 0 1 0 1 0 0 
6,0: 1 1 0 0 0 0 
6,1: 1 1 0 0 1 1 
6,2: 0 1 1 1 1 0 
6,3: 1 1 0 0 0 1 
6,4: 0 1 1 1 0 0 
6,5: 1 0 0 1 0 0 
6,6: 0 0 1 1 0 0 
6,7: 0 0 0 1 0 1 
6,8: 0 1 1 1 0 0 
6,9: 0 0 0 1 1 0 
7,0: 1 1 0 0 0 1 
7,1: 1 1 1 0 0 0 
7,2: 0 1 1 0 1 1 
7,3: 0 1 0 0 1 0 
7,4: Obstacle
7,5: 0 0 1 1 1 0 
7,6: 0 0 1 1 0 1 
7,7: 0 1 1 1 0 0 
7,8: 0 1 1 1 0 1 
7,9: 0 1 0 1 0 0 
8,0: 1 1 0 0 0 0 
8,1: 1 1 1 0 0 1 
8,2: 0 1 0 0 0 0 
8,3: Obstacle
8,4: Obstacle
8,5: Obstacle
8,6: 0 1 1 1 1 0 
8,7: 0 1 1 1 0 0 
8,8: 1 0 1 1 1 0 
8,9: 0 1 0 1 1 0 
9,0: 1 1 1 0 0 0 
9,1: 0 1 1 1 0 0 
9,2: 1 1 1 0 0 0 
9,3: 0 1 1 1 0 0 
9,4: Obstacle
9,5: 1 1 1 1 0 1 
9,6: 0 1 1 1 0 1 
9,7: 0 1 1 1 0 0 
9,8: 0 1 1 1 0 1 
9,9: 0 1 0 1 0 0 
10,0: 1 1 0 0 0 0 
10,1: 1 0 1 1 1 1 
10,2: 0 0 1 1 0 1 
10,3: 0 1 0 1 1 0 
10,4: 1 0 0 1 0 0 
10,5: 0 1 1 1 0 0 
10,6: 0 1 1 1 0 0 
10,7: 0 1 0 1 1 0 
10,8: 0 1 1 1 1 0 
10,9: 0 1 0 1 0 0 
11,0: 1 1 0 0 0 0 
11,1: 0 1 1 1 0 0 
11,2: 1 1 0 1 0 0 
11,3: 0 1 0 1 0 0 
11,4: 1 1 0 0 1 0 
11,5: 0 1 0 1 0 1 
11,6: 1 1 1 1 0 1 
11,7: 0 1 1 1 0 0 
11,8: 1 0 1 1 0 1 
11,9: 0 1 0 1 1 0 
12,0: 1 1 1 0 0 1 
12,1: 0 0 1 1 0 0 
12,2: 1 1 1 1 1 1 
12,3: 0 1 0 1 0 0 
12,4: 1 1 0 0 1 1 
12,5: 0 1 1 1 1 0 
12,6: 1 1 1 0 1 0 
12,7: 0 0 1 1 0 1 
12,8: 1 1 0 1 0 0 
12,9: 0 1 0 1 1 0 
13,0: 1 1 0 0 0 0 
13,1: 1 1 0 0 0 1 
13,2: 0 1 1 1 0 0 
13,3: 1 1 1 1 0 1 
13,4: 0 1 0 1 0 0 
13,5: 1 1 1 1 0 1 
13,6: 0 1 1 1 0 0 
13,7: 0 1 1 1 0 0 
13,8: 0 1 1 1 0 0 
13,9: 0 1 0 1 0 1 
14,0: 1 1 0 0 0 0 
14,1: 1 1 0 0 1 0 
14,2: 0 0 1 1 1 0 
14,3: 1 0 0 0 1 0 
14,4: 0 1 1 1 1 0 
14,5: 1 1 0 1 1 0 
14,6: 0 1 1 1 0 0 
14,7: 0 0 1 1 1 1 
14,8: 0 1 0 1 0 1 
14,9: 0 1 0 1 0 0 
15,0: 1 1 0 0 0 0 
15,1: 1 1 0 1 0 0 
15,2: 0 1 0 1 0 0 
15,3: 1 1 1 0 0 1 
15,4: 0 1 0 1 0 0 
15,5: 1 1 1 1 0 0 
15,6: 0 1 0 1 0 0 
15,7: 0 0 1 1 0 0 
15,8: 0 1 1 1 1 0 
15,9: 0 1 0 1 0 0 
16,0: 1 0 0 0 1 0 
16,1: 0 1 1 1 1 0 
16,2: 1 1 1 1 0 0 
16,3: 0 1 1 1 0 0 
16,4: 1 1 1 0 0 1 
16,5: 0 0 1 1 1 0 
16,6: 1 1 1 1 1 0 
16,7: 0 0 0 1 0 1 
16,8: 1 1 1 1 1 1 
16,9: 0 1 0 1 0 0 
17,0: 1 0 0 0 0 0 
17,1: 0 1 0 1 0 1 
17,2: 1 1 1 0 0 0 
17,3: 0 1 0 1 1 0 
17,4: 1 1 1 0 0 0 
17,5: 0 1 1 1 0 1 
17,6: 1 0 0 1 0 1 
17,7: 0 0 1 1 0 0 
17,8: 0 1 0 1 1 0 
17,9: 0 1 0 1 0 0 
18,0: 1 1 0 0 0 1 
18,1: 1 0 1 0 0 0 
18,2: 0 1 1 1 0 0 
18,3: 1 0 1 0 1 0 
18,4: 0 1 0 1 0 1 
18,5: 0 1 1 1 0 0 
18,6: 1 1 1 1 1 0 
18,7: 0 1 0 1 0 0 
18,8: 0 0 1 1 1 0 
18,9: 0 0 0 1 0 0 
19,0: 1 1 0 0 0 0 
19,1: 1 0 0 0 0 0 
19,2: 0 1 1 1 0 0 
19,3: 1 1 1 1 0 1 
19,4: 0 0 1 1 1 0 
19,5: 0 0 1 0 0 0 
19,6: 0 1 1 1 0 0 
19,7: 0 1 1 1 0 1 
19,8: 0 1 1 1 0 0 
19,9: 0 1 1 1 1 0 
20,0: 1 1 0 0 1 1 
20,1: 1 1 1 0 1 0 
20,2: 0 0 1 1 0 0 
20,3: 1 0 0 0 0 0 
20,4: 0 1 1 1 1 1 
20,5: 0 1 0 1 0 1 
20,6: 0 0 1 1 1 0 
20,7: 0 1 0 1 0 0 
20,8: 0 0 1 1 0 0 
20,9: 0 0 0 1 1 0 
21,0: 1 1 1 0 0 0 
21,1: 1 1 0 0 1 1 
21,2: 0 1 0 1 0 0 
21,3: 1 0 1 0 0 0 
21,4: 0 1 1 1 0 0 
21,5: 0 1 1 1 0 0 
21,6: 0 1 0 1 1 1 
21,7: 1 1 1 1 0 0 
21,8: 0 0 0 1 0 0 
21,9: 0 1 0 1 0 0 
22,0: 1 0 0 0 0 0 
22,1: 0 0 0 1 0 0 
22,2: 1 1 1 1 1 1 
22,3: 0 1 1 1 0 0 
22,4: 1 1 0 0 0 1 
22,5: 0 0 0 1 0 0 
22,6: 1 1 1 1 1 0 
22,7: 0 1 0 1 0 1 
22,8: 0 0 0 1 0 0 
22,9: 0 0 0 1 1 1 
23,0: 1 1 1 0 0 0 
23,1: 1 0 1 1 0 1 
23,2: 0 1 1 1 1 0 
23,3: 1 1 1 1 0 1 
23,4: 0 1 0 1 0 0 
23,5: 1 1 0 0 0 1 
23,6: 0 1 0 1 0 1 
23,7: 1 0 0 1 0 0 
23,8: 0 1 0 1 0 1 
23,9: 0 1 0 1 0 0 
24,0: 1 1 0 0 0 1 
24,1: 0 0 0 1 0 0 
24,2: 1 0 1 0 0 0 
24,3: 0 0 0 1 1 0 
24,4: 1 0 0 1 0 0 
24,5: 0 0 0 1 1 0 
24,6: 0 0 1 1 0 0 
24,7: 0 1 0 1 1 0 
24,8: 0 1 1 1 0 0 
24,9: 0 0 0 1 0 0 
25,0: 1 1 1 0 0 0 
25,1: 0 1 1 1 0 0 
25,2: 1 1 1 0 0 0 
25,3: 0 1 1 1 0 1 
25,4: 0 1 0 1 0 1 
25,5: 0 1 1 1 0 0 
25,6: 0 1 0 0 0 1 
25,7: 0 1 1 1 0 0 
25,8: 0 0 0 1 0 0 
25,9: 0 0 0 1 1 0 
26,0: 1 0 0 0 0 0 
26,1: 1 0 0 0 1 0 
26,2: 0 0 1 1 1 0 
26,3: 0 1 0 1 0 0 
26,4: 1 0 1 1 0 0 
26,5: 0 0 0 1 0 0 
26,6: 0 0 1 1 0 0 
26,7: 1 1 0 1 1 1 
26,8: 0 1 0 1 0 1 
26,9: 0 0 0 1 0 0 
27,0: 1 1 0 0 0 0 
27,1: 0 1 1 1 0 1 
27,2: 1 1 0 1 0 1 
27,3: 0 1 1 0 0 1 
27,4: 0 1 1 1 0 0 
27,5: 0 1 0 1 1 0 
27,6: 0 0 0 1 0 1 
27,7: 0 0 1 1 1 0 
27,8: 0 1 1 1 1 0 
27,9: 0 1 0 1 0 0 
28,0: 1 0 1 0 0 0 
28,1: 0 0 0 1 1 0 
28,2: 1 0 1 0 0 0 
28,3: 0 0 0 0 1 0 
28,4: 0 0 0 1 0 0 
28,5: 0 1 1 1 0 0 
28,6: 0 1 1 0 0 0 
28,7: 0 0 0 1 0 0 
28,8: 0 0 0 1 1 0 
28,9: 0 0 0 1 0 1 
29,0: 1 1 0 0 0 1 
29,1: 1 1 0 0 1 0 
29,2: 0 1 0 1 0 1 
29,3: 1 0 0 1 0 0 
29,4: 0 0 0 1 0 0 
29,5: 0 0 0 1 0 1 
29,6: 0 1 0 1 0 1 
29,7: 1 1 0 1 0 0 
29,8: 0 1 0 1 1 0 
29,9: 0 1 1 1 0 0 
